! (8, 0) nanotube 
&SYSTEM 
ibrav = 0 
nat = 32 
ntyp = 1 
/ 
CELL_PARAMETERS {angstrom} 
 12.52619  0.0    0.0 
  0.0  12.52619   0.0 
  0.0   0.0    4.26000
ATOMIC_POSITIONS {angstrom}
C   9.39464  6.26310  0.00000 
C   9.39464  6.26310  1.42000 
C   9.15627  7.46149  2.13000 
C   8.47744  8.47744  1.42000 
C   8.47744  8.47744  0.00000 
C   6.26310  9.39464  0.00000 
C   9.15627  7.46149  3.55000 
C   7.46149  9.15627  3.55000 
C   7.46149  9.15627  2.13000 
C   6.26310  9.39464  1.42000 
C   5.06470  9.15627  2.13000 
C   4.04876  8.47744  1.42000 
C   4.04876  8.47744  0.00000 
C   3.13155  6.26310  0.00000 
C   5.06470  9.15627  3.55000 
C   3.36992  7.46149  3.55000 
C   3.36992  7.46149  2.13000 
C   3.13155  6.26310  1.42000 
C   3.36992  5.06470  2.13000 
C   4.04876  4.04876  1.42000 
C   4.04876  4.04876  0.00000 
C   6.26310  3.13155  0.00000 
C   3.36992  5.06470  3.55000 
C   5.06470  3.36992  3.55000 
C   5.06470  3.36992  2.13000 
C   6.26310  3.13155  1.42000 
C   7.46149  3.36992  2.13000 
C   8.47744  4.04876  1.42000 
C   8.47744  4.04876  0.00000 
C   7.46149  3.36992  3.55000 
C   9.15627  5.06470  3.55000 
C   9.15627  5.06470  2.13000 
