! (17, 17) WS2 nanotube 
&SYSTEM 
ibrav = 0 
nat = 102 
ntyp = 2 
/ 
CELL_PARAMETERS {angstrom} 
 59.10728  0.0    0.0 
  0.0  59.10728   0.0 
  0.0   0.0    3.15320
ATOMIC_POSITIONS {angstrom}
W  44.33046 29.55364  0.00000 
W  43.33262 34.89164  0.00000 
W  40.47384 39.50872  0.00000 
W  36.14024 42.78131  0.00000 
W  30.91707 44.26743  0.00000 
W  25.50977 43.76637  0.00000 
W  20.64862 41.34580  0.00000 
W  16.99013 37.33263  0.00000 
W  15.02842 32.26887  0.00000 
W  15.02842 26.83841  0.00000 
W  16.99013 21.77465  0.00000 
W  20.64862 17.76148  0.00000 
W  25.50977 15.34092  0.00000 
W  30.91707 14.83986  0.00000 
W  36.14024 16.32597  0.00000 
W  40.47384 19.59856  0.00000 
W  43.33262 24.21564  0.00000 
W  44.07886 32.26887  1.57660 
W  42.11715 37.33263  1.57660 
W  38.45866 41.34580  1.57660 
W  33.59751 43.76637  1.57660 
W  28.19021 44.26743  1.57660 
W  22.96704 42.78131  1.57660 
W  18.63344 39.50872  1.57660 
W  15.77467 34.89164  1.57660 
W  14.77682 29.55364  1.57660 
W  15.77467 24.21564  1.57660 
W  18.63344 19.59856  1.57660 
W  22.96704 16.32597  1.57660 
W  28.19021 14.83986  1.57660 
W  33.59751 15.34092  1.57660 
W  38.45866 17.76148  1.57660 
W  42.11715 21.77465  1.57660 
W  44.07886 26.83841  1.57660 
S  42.65919 31.17646  0.00000 
S  41.18797 35.80114  0.00000 
S  38.14547 39.58207  0.00000 
S  33.94260 42.00860  0.00000 
S  29.14697 42.75302  0.00000 
S  24.40627 41.71479  0.00000 
S  20.36075 39.03413  0.00000 
S  17.55677 35.07307  0.00000 
S  16.37305 30.36659  0.00000 
S  16.96943 25.55032  0.00000 
S  19.26538 21.27471  0.00000 
S  22.95082 18.11722  0.00000 
S  27.52801 16.50428  0.00000 
S  32.37876 16.65373  0.00000 
S  36.84797 18.54539  0.00000 
S  40.33204 21.92377  0.00000 
S  42.36043 26.33260  0.00000 
S  42.13785 33.55697  1.57660 
S  39.84190 37.83257  1.57660 
S  36.15646 40.99006  1.57660 
S  31.57928 42.60300  1.57660 
S  26.72852 42.45355  1.57660 
S  22.25931 40.56189  1.57660 
S  18.77524 37.18351  1.57660 
S  16.74685 32.77468  1.57660 
S  16.44809 27.93082  1.57660 
S  17.91931 23.30614  1.57660 
S  20.96181 19.52521  1.57660 
S  25.16468 17.09868  1.57660 
S  29.96031 16.35426  1.57660 
S  34.70101 17.39249  1.57660 
S  38.74654 20.07315  1.57660 
S  41.55051 24.03421  1.57660 
S  42.73423 28.74069  1.57660 
S  45.77773 31.56262  0.00000 
S  43.95643 37.28777  0.00000 
S  40.18995 41.96839  0.00000 
S  34.98698 44.97233  0.00000 
S  29.05020 45.89389  0.00000 
S  23.18142 44.60860  0.00000 
S  18.17324 41.29006  0.00000 
S  14.70205 36.38646  0.00000 
S  13.23665 30.56004  0.00000 
S  13.97494 24.59770  0.00000 
S  16.81723 19.30469  0.00000 
S  21.37964 15.39586  0.00000 
S  27.04599 13.39911  0.00000 
S  33.05102 13.58412  0.00000 
S  38.58370 15.92591  0.00000 
S  42.89683 20.10819  0.00000 
S  45.40788 25.56614  0.00000 
S  45.13234 34.50958  1.57660 
S  42.29005 39.80259  1.57660 
S  37.72764 43.71142  1.57660 
S  32.06129 45.70817  1.57660 
S  26.05626 45.52316  1.57660 
S  20.52358 43.18137  1.57660 
S  16.21045 38.99909  1.57660 
S  13.69940 33.54114  1.57660 
S  13.32955 27.54466  1.57660 
S  15.15085 21.81951  1.57660 
S  18.91733 17.13889  1.57660 
S  24.12030 14.13495  1.57660 
S  30.05708 13.21339  1.57660 
S  35.92586 14.49868  1.57660 
S  40.93404 17.81722  1.57660 
S  44.40523 22.72082  1.57660 
S  45.87063 28.54724  1.57660 
