! (14, 14) MoS2 nanotube 
&SYSTEM 
ibrav = 0 
nat = 84 
ntyp = 2 
/ 
CELL_PARAMETERS {angstrom} 
 48.79691  0.0    0.0 
  0.0  48.79691   0.0 
  0.0   0.0    3.16099
ATOMIC_POSITIONS {angstrom}
Mo  36.59768 24.39845  0.00000 
Mo  35.38958 29.69150  0.00000 
Mo  32.00455 33.93619  0.00000 
Mo  27.11304 36.29182  0.00000 
Mo  21.68387 36.29182  0.00000 
Mo  16.79236 33.93619  0.00000 
Mo  13.40733 29.69150  0.00000 
Mo  12.19923 24.39845  0.00000 
Mo  13.40733 19.10541  0.00000 
Mo  16.79236 14.86071  0.00000 
Mo  21.68387 12.50509  0.00000 
Mo  27.11304 12.50509  0.00000 
Mo  32.00455 14.86071  0.00000 
Mo  35.38958 19.10541  0.00000 
Mo  36.29182 27.11304  1.58050 
Mo  33.93619 32.00455  1.58050 
Mo  29.69150 35.38958  1.58050 
Mo  24.39845 36.59768  1.58050 
Mo  19.10541 35.38958  1.58050 
Mo  14.86071 32.00455  1.58050 
Mo  12.50509 27.11304  1.58050 
Mo  12.50509 21.68387  1.58050 
Mo  14.86071 16.79236  1.58050 
Mo  19.10541 13.40733  1.58050 
Mo  24.39845 12.19923  1.58050 
Mo  29.69150 13.40733  1.58050 
Mo  33.93619 16.79236  1.58050 
Mo  36.29182 21.68387  1.58050 
S  34.97211 25.99217  0.00000 
S  33.23350 30.42208  0.00000 
S  29.74500 33.65894  0.00000 
S  25.19755 35.06164  0.00000 
S  20.49183 34.35237  0.00000 
S  16.55987 31.67160  0.00000 
S  14.18043 27.55030  0.00000 
S  13.82480 22.80473  0.00000 
S  15.56341 18.37482  0.00000 
S  19.05191 15.13797  0.00000 
S  23.59936 13.73527  0.00000 
S  28.30508 14.44454  0.00000 
S  32.23704 17.12531  0.00000 
S  34.61648 21.24661  0.00000 
S  34.35237 28.30508  1.58050 
S  31.67160 32.23704  1.58050 
S  27.55030 34.61648  1.58050 
S  22.80473 34.97211  1.58050 
S  18.37482 33.23350  1.58050 
S  15.13797 29.74500  1.58050 
S  13.73527 25.19755  1.58050 
S  14.44454 20.49183  1.58050 
S  17.12531 16.55987  1.58050 
S  21.24661 14.18043  1.58050 
S  25.99217 13.82480  1.58050 
S  30.42208 15.56341  1.58050 
S  33.65894 19.05191  1.58050 
S  35.06164 23.59936  1.58050 
S  37.95074 26.44113  0.00000 
S  35.72236 32.11896  0.00000 
S  31.25114 36.26765  0.00000 
S  25.42266 38.06550  0.00000 
S  19.39132 37.15642  0.00000 
S  14.35171 33.72047  0.00000 
S  11.30198 28.43818  0.00000 
S  10.84616 22.35577  0.00000 
S  13.07455 16.67794  0.00000 
S  17.54577 12.52926  0.00000 
S  23.37425 10.73141  0.00000 
S  29.40559 11.64049  0.00000 
S  34.44520 15.07644  0.00000 
S  37.49493 20.35873  0.00000 
S  37.15642 29.40559  1.58050 
S  33.72047 34.44520  1.58050 
S  28.43818 37.49493  1.58050 
S  22.35577 37.95074  1.58050 
S  16.67794 35.72236  1.58050 
S  12.52926 31.25114  1.58050 
S  10.73141 25.42266  1.58050 
S  11.64049 19.39132  1.58050 
S  15.07644 14.35171  1.58050 
S  20.35873 11.30198  1.58050 
S  26.44113 10.84616  1.58050 
S  32.11896 13.07455  1.58050 
S  36.26765 17.54577  1.58050 
S  38.06550 23.37425  1.58050 
