! (14, 14) WS2 nanotube 
&SYSTEM 
ibrav = 0 
nat = 84 
ntyp = 2 
/ 
CELL_PARAMETERS {angstrom} 
 48.67658  0.0    0.0 
  0.0  48.67658   0.0 
  0.0   0.0    3.15320
ATOMIC_POSITIONS {angstrom}
W  36.50744 24.33829  0.00000 
W  35.30231 29.61829  0.00000 
W  31.92563 33.85251  0.00000 
W  27.04618 36.20233  0.00000 
W  21.63040 36.20233  0.00000 
W  16.75095 33.85251  0.00000 
W  13.37427 29.61829  0.00000 
W  12.16915 24.33829  0.00000 
W  13.37427 19.05830  0.00000 
W  16.75095 14.82407  0.00000 
W  21.63040 12.47425  0.00000 
W  27.04618 12.47425  0.00000 
W  31.92563 14.82407  0.00000 
W  35.30231 19.05830  0.00000 
W  36.20233 27.04618  1.57660 
W  33.85251 31.92563  1.57660 
W  29.61829 35.30231  1.57660 
W  24.33829 36.50744  1.57660 
W  19.05830 35.30231  1.57660 
W  14.82407 31.92563  1.57660 
W  12.47425 27.04618  1.57660 
W  12.47425 21.63040  1.57660 
W  14.82407 16.75095  1.57660 
W  19.05830 13.37427  1.57660 
W  24.33829 12.16915  1.57660 
W  29.61829 13.37427  1.57660 
W  33.85251 16.75095  1.57660 
W  36.20233 21.63040  1.57660 
S  34.81789 25.91784  0.00000 
S  33.09474 30.30834  0.00000 
S  29.63728 33.51640  0.00000 
S  25.13028 34.90662  0.00000 
S  20.46642 34.20366  0.00000 
S  16.56943 31.54674  0.00000 
S  14.21116 27.46210  0.00000 
S  13.85870 22.75875  0.00000 
S  15.58184 18.36825  0.00000 
S  19.03931 15.16018  0.00000 
S  23.54631 13.76996  0.00000 
S  28.21016 14.47292  0.00000 
S  32.10715 17.12984  0.00000 
S  34.46542 21.21449  0.00000 
S  34.20366 28.21016  1.57660 
S  31.54674 32.10715  1.57660 
S  27.46210 34.46542  1.57660 
S  22.75875 34.81789  1.57660 
S  18.36825 33.09474  1.57660 
S  15.16018 29.63728  1.57660 
S  13.76996 25.13028  1.57660 
S  14.47292 20.46642  1.57660 
S  17.12984 16.56943  1.57660 
S  21.21449 14.21116  1.57660 
S  25.91784 13.85870  1.57660 
S  30.30834 15.58184  1.57660 
S  33.51640 19.03931  1.57660 
S  34.90662 23.54631  1.57660 
S  37.92515 26.38618  0.00000 
S  35.69108 32.07849  0.00000 
S  31.20846 36.23776  0.00000 
S  25.36511 38.04020  0.00000 
S  19.31839 37.12880  0.00000 
S  14.26592 33.68409  0.00000 
S  11.20841 28.38832  0.00000 
S  10.75143 22.29040  0.00000 
S  12.98550 16.59809  0.00000 
S  17.46813 12.43882  0.00000 
S  23.31148 10.63639  0.00000 
S  29.35820 11.54778  0.00000 
S  34.41066 14.99250  0.00000 
S  37.46817 20.28826  0.00000 
S  37.12880 29.35820  1.57660 
S  33.68409 34.41066  1.57660 
S  28.38832 37.46817  1.57660 
S  22.29040 37.92515  1.57660 
S  16.59809 35.69108  1.57660 
S  12.43882 31.20846  1.57660 
S  10.63639 25.36511  1.57660 
S  11.54778 19.31839  1.57660 
S  14.99250 14.26592  1.57660 
S  20.28826 11.20841  1.57660 
S  26.38618 10.75143  1.57660 
S  32.07849 12.98550  1.57660 
S  36.23776 17.46813  1.57660 
S  38.04020 23.31148  1.57660 
