! (6, 4) nanotube 
&SYSTEM 
ibrav = 0 
nat = 152 
ntyp = 1 
/ 
CELL_PARAMETERS {angstrom} 
 13.65010  0.0    0.0 
  0.0  13.65010   0.0 
  0.0   0.0   18.56891
ATOMIC_POSITIONS {angstrom}
C  10.23758  6.82505  0.00000 
C  10.22592  7.10686  2.44328 
C   9.82628  8.44923  2.28039 
C   9.51801  8.92107  0.97731 
C   8.44923  9.82628  0.81443 
C   7.66278 10.13315  1.95462 
C   6.26337 10.19103  1.79174 
C   5.71701 10.05268  0.48866 
C   4.51381  9.33573  0.32577 
C   3.96820  8.69153  1.46597 
C   3.45907  7.38673  1.30308 
C   3.41253  6.82505  0.00000 
C   4.13209  4.72903  0.97731 
C   5.20087  3.82382  0.81443 
C   7.93310  3.59743  0.48866 
C   9.13629  4.31437  0.32577 
C  10.19103  7.38673  4.88656 
C   9.68190  8.69153  4.72367 
C   9.33573  9.13629  3.42059 
C   8.19585  9.95015  3.25770 
C   7.38673 10.19103  4.39790 
C   5.98733 10.13315  4.23501 
C   5.45426  9.95015  2.93193 
C   4.31437  9.13629  2.76905 
C   3.82382  8.44923  3.90924 
C   3.42418  7.10686  3.74636 
C   3.42418  6.54325  2.44328 
C   3.82382  5.20087  2.28039 
C   4.31437  4.51381  3.42059 
C   5.45426  3.69995  3.25770 
C   5.98733  3.51695  1.95462 
C   7.38673  3.45907  1.79174 
C   8.19585  3.69995  2.93193 
C   9.33573  4.51381  2.76905 
C   9.68190  4.95858  1.46597 
C  10.19103  6.26337  1.30308 
C  10.23758  6.82505  6.18964 
C  10.13315  7.66278  7.32983 
C   9.51801  8.92107  7.16695 
C   9.13629  9.33573  5.86387 
C   7.93310 10.05268  5.70098 
C   7.10686 10.22592  6.84118 
C   5.71701 10.05268  6.67829 
C   5.20087  9.82628  5.37521 
C   4.13209  8.92107  5.21233 
C   3.69995  8.19585  6.35252 
C   3.41253  6.82505  6.18964 
C   3.45907  6.26337  4.88656 
C   3.96820  4.95858  4.72367 
C   4.51381  4.31437  5.86387 
C   5.71701  3.59743  5.70098 
C   6.26337  3.45907  4.39790 
C   7.66278  3.51695  4.23501 
C   8.44923  3.82382  5.37521 
C   9.51801  4.72903  5.21233 
C   9.82628  5.20087  3.90924 
C  10.22592  6.54325  3.74636 
C  10.22592  7.10686  8.63291 
C  10.05268  7.93310  9.77311 
C   9.33573  9.13629  9.61023 
C   8.92107  9.51801  8.30714 
C   7.66278 10.13315  8.14426 
C   6.82505 10.23758  9.28445 
C   5.45426  9.95015  9.12157 
C   4.95858  9.68190  7.81849 
C   3.96820  8.69153  7.65560 
C   3.59743  7.93310  8.79580 
C   3.42418  6.54325  8.63291 
C   3.51695  5.98733  7.32983 
C   4.13209  4.72903  7.16695 
C   4.72903  4.13209  8.30714 
C   5.98733  3.51695  8.14426 
C   6.54325  3.42418  6.84118 
C   7.93310  3.59743  6.67829 
C   8.69153  3.96820  7.81849 
C   9.68190  4.95858  7.65560 
C   9.95015  5.45426  6.35252 
C  10.19103  7.38673 11.07619 
C   9.95015  8.19585 12.21639 
C   9.13629  9.33573 12.05350 
C   8.69153  9.68190 10.75042 
C   7.38673 10.19103 10.58754 
C   6.54325 10.22592 11.72773 
C   5.20087  9.82628 11.56485 
C   4.72903  9.51801 10.26177 
C   3.82382  8.44923 10.09888 
C   3.51695  7.66278 11.23908 
C   3.45907  6.26337 11.07619 
C   3.59743  5.71701  9.77311 
C   4.31437  4.51381  9.61023 
C   4.95858  3.96820 10.75042 
C   6.26337  3.45907 10.58754 
C   6.82505  3.41253  9.28445 
C   8.19585  3.69995  9.12157 
C   8.92107  4.13209 10.26177 
C   9.82628  5.20087 10.09888 
C  10.05268  5.71701  8.79580 
C  10.13315  7.66278 13.51947 
C   9.82628  8.44923 14.65967 
C   8.92107  9.51801 14.49678 
C   8.44923  9.82628 13.19370 
C   7.10686 10.22592 13.03081 
C   6.26337 10.19103 14.17101 
C   4.95858  9.68190 14.00812 
C   4.51381  9.33573 12.70504 
C   3.69995  8.19585 12.54216 
C   3.45907  7.38673 13.68235 
C   3.51695  5.98733 13.51947 
C   3.69995  5.45426 12.21639 
C   4.51381  4.31437 12.05350 
C   5.20087  3.82382 13.19370 
C   6.54325  3.42418 13.03081 
C   7.10686  3.42418 11.72773 
C   8.44923  3.82382 11.56485 
C   9.13629  4.31437 12.70504 
C   9.95015  5.45426 12.54216 
C  10.13315  5.98733 11.23908 
C  10.05268  7.93310 15.96275 
C   9.68190  8.69153 17.10294 
C   8.69153  9.68190 16.94006 
C   8.19585  9.95015 15.63698 
C   6.82505 10.23758 15.47409 
C   5.98733 10.13315 16.61429 
C   4.72903  9.51801 16.45140 
C   4.31437  9.13629 15.14832 
C   3.59743  7.93310 14.98544 
C   3.42418  7.10686 16.12563 
C   3.59743  5.71701 15.96275 
C   3.82382  5.20087 14.65967 
C   4.72903  4.13209 14.49678 
C   5.45426  3.69995 15.63698 
C   6.82505  3.41253 15.47409 
C   7.38673  3.45907 14.17101 
C   8.69153  3.96820 14.00812 
C   9.33573  4.51381 15.14832 
C  10.05268  5.71701 14.98544 
C  10.19103  6.26337 13.68235 
C   9.95015  8.19585 18.40602 
C   7.93310 10.05268 18.08025 
C   6.54325 10.22592 17.91737 
C   4.13209  8.92107 17.59160 
C   3.51695  7.66278 17.42871 
C   3.69995  5.45426 18.40602 
C   3.96820  4.95858 17.10294 
C   4.95858  3.96820 16.94006 
C   5.71701  3.59743 18.08025 
C   7.10686  3.42418 17.91737 
C   7.66278  3.51695 16.61429 
C   8.92107  4.13209 16.45140 
C   9.51801  4.72903 17.59160 
C  10.13315  5.98733 17.42871 
C  10.22592  6.54325 16.12563 
